Final Error =  1.1734000080792824e-09
Prediction =  1.000034254926771
W =  [[0.16214162 0.36214162]
 [0.36214162 0.46214162]]
b =  [0.72919723 0.92919723]
